31
BGC0000598_AFS60641.1_Candidatus_Entotheonella_factor_polytheonamide_RiPP_Proteusin               0.0000000 4.6650016 5.0609105 6.1929619 4.4031228 4.2391505 5.8159042 4.8239278 3.6461019 6.2352984 3.9476038 3.7672845 4.3037030 4.1291882 4.0758474 3.7502766 4.7753041 4.6596533 5.7767336 5.9643862 4.0077017 3.9418563 3.7436479 3.4364098 3.2365476 3.2091756 3.2936042 3.0570563 4.2544373 3.0085968 3.0429842 
MALASAMN05422137_METAGscaffold4_gene141_Candidatus_Eudoremicrobiaceae_this_study_Proteusin        4.6650016 0.0000000 5.3679397 2.6195876 2.7996964 2.9432789 3.5697154 3.4309313 3.5267553 4.4271423 2.7657924 3.2582420 3.3965847 3.6399219 3.6534713 2.6332127 4.2644319 4.3683840 4.4685110 4.8160083 3.1439599 2.8529236 3.4420354 2.7833405 2.6589186 2.8217385 2.6774727 2.8605147 2.8908669 2.8947421 3.0507592 
BGC0000331_ABI26077_1_Planktothrix_agardhii_NIVA_CYA_116_cyanopeptin_NRP                          5.0609105 5.3679397 0.0000000 3.7992812 4.5158382 4.7324358 4.1262434 3.9107927 2.4231407 4.2118581 2.9366346 2.6156022 2.8587524 4.3503616 4.0274265 3.8317671 4.4607165 4.1286933 4.0522780 4.0926078 3.1565509 3.7744218 3.4380306 3.0741546 3.2515841 3.1514121 3.1840144 2.9799366 3.6579821 3.9492709 3.6338794 
BGC0000026_AAK83186_1_Streptomyces_viridochromogenes_Tue57_avilamycin_A_Saccharide                6.1929619 2.6195876 3.7992812 0.0000000 2.9250733 2.7440314 2.4364107 2.1987850 2.6187874 4.6405000 1.9945465 2.4076624 2.6385372 2.6159432 2.1217346 2.0355274 4.7537741 4.0056195 3.9628315 3.9419345 2.4991722 2.5080279 2.2971891 2.4794037 2.2617813 2.4324723 2.3972325 2.4421201 2.1033868 2.4007223 2.3707864 
BGC0001191_AKC92641_1_Amycolatopsis_sp_SANK_60206_A_102395_Other                                  4.4031228 2.7996964 4.5158382 2.9250733 0.0000000 0.3368659 3.0663845 3.2686385 2.7305899 6.5605437 2.9193380 2.3994995 2.8916165 2.3046041 2.3649389 2.4200067 4.3953619 4.0897732 6.0667696 5.9052090 2.5297644 2.3496476 2.5206181 2.4893062 2.4853635 2.5616456 2.2175267 2.2617496 2.1432769 2.1761979 2.0960344 
BGC0000949_BAI53084_1_Streptomyces_griseus_A_500359_NRP                                           4.2391505 2.9432789 4.7324358 2.7440314 0.3368659 0.0000000 3.3465944 3.3776195 2.6904963 6.5388153 2.7961994 2.4091315 3.2047301 2.3508027 2.4225490 2.5565660 4.4848357 3.8558926 5.4185335 5.3946050 2.5757962 2.5068731 2.5096649 2.5116767 2.3030405 2.4103589 2.1467039 2.4211539 2.2642631 2.1026263 2.1875719 
BGC0001138_AET51865_1_Marinactinospora_thermotolerans_A_201A_Other                                5.8159042 3.5697154 4.1262434 2.4364107 3.0663845 3.3465944 0.0000000 0.4077980 3.2871865 6.6356512 3.1585706 2.6291055 3.4165400 2.1954060 2.1123155 2.4682089 4.6819929 5.4861198 5.3761320 5.5457674 2.5740639 2.8406341 2.6185049 2.3902623 3.0297114 2.9093679 3.1757851 2.7468289 2.5933037 2.9056915 2.5501108 
BGC0000873_CAD62202_1_Saccharothrix_mutabilis_A_201A_Other                                        4.8239278 3.4309313 3.9107927 2.1987850 3.2686385 3.3776195 0.4077980 0.0000000 3.3089520 8.2366434 3.1217817 2.9649679 3.8143207 2.2028026 2.0129188 2.5922902 5.5832397 5.7652970 5.8183201 5.6270191 2.8570650 2.7932170 2.7613589 2.6034064 2.9887653 3.1326105 2.9911900 2.7502019 2.5098845 2.8067932 2.5385750 
BGC0001451_BCRE_RS14165_Candidatus_Burkholderia_crenata_FR900359_NRP                              3.6461019 3.5267553 2.4231407 2.6187874 2.7305899 2.6904963 3.2871865 3.3089520 0.0000000 4.8583373 1.2078478 1.2541561 1.3641674 2.5898987 2.3985953 1.8191091 3.6935056 4.1313710 4.5724880 4.9063694 1.2390726 1.6012624 1.2148314 1.2391464 1.2657255 1.2904652 1.2396644 1.4504323 1.8929526 1.8175993 1.6893508 
BGC0000967_BAP05589_1_uncultured_Candidatus_Entotheonella_sp_calyculin_NRPPolyketide              6.2352984 4.4271423 4.2118581 4.6405000 6.5605437 6.5388153 6.6356512 8.2366434 4.8583373 0.0000000 4.8992025 4.3135425 4.4040298 5.1314167 4.8647654 3.1693982 1.5040708 1.5146932 1.1764776 1.2184081 3.4699242 3.2394491 3.4684556 3.5404174 3.0022290 3.2089903 3.1531055 3.9724394 4.4509981 3.7068170 3.8169732 
BGC0000287_PA2302_Pseudomonas_aeruginosa_PAO1_l_2_Amino_4_methoxy_trans_3_butenoic_acid_NRP       3.9476038 2.7657924 2.9366346 1.9945465 2.9193380 2.7961994 3.1585706 3.1217817 1.2078478 4.8992025 0.0000000 1.2176758 1.4633991 2.2013937 2.3130212 1.6839010 5.0713184 3.7961951 4.4062168 4.8322985 1.0599998 1.5607474 1.3819640 1.3656860 1.2271732 1.2822445 1.2649899 1.6019192 1.4880976 1.7488053 1.4158876 
BGC0000378_ABV56588_1_Kutzneria_sp_744_kutzneride_NRP                                             3.7672845 3.2582420 2.6156022 2.4076624 2.3994995 2.4091315 2.6291055 2.9649679 1.2541561 4.3135425 1.2176758 0.0000000 0.7173287 2.4053399 2.0247936 1.4316555 3.4838010 3.5540981 3.6823502 4.0806463 1.1509624 1.6520368 1.2321301 1.2608295 1.3137762 1.3091523 1.3737794 1.6267031 1.3619748 1.7964264 1.4536208 
BGC0001519_STRAU_RS01650_Streptomyces_aurantiacus_JA_4570_aurantimycin_A_NRPPolyketide            4.3037030 3.3965847 2.8587524 2.6385372 2.8916165 3.2047301 3.4165400 3.8143207 1.3641674 4.4040298 1.4633991 0.7173287 0.0000000 2.7770968 2.6170765 1.8184303 3.6444629 4.0953855 3.8067242 3.8742205 1.4675537 1.6266732 1.3068562 1.2853236 1.5352811 1.3891666 1.4614019 1.5233005 1.6739475 2.0572550 1.7470104 
BGC0001138_AET51868_1_Marinactinospora_thermotolerans_A_201A_Other                                4.1291882 3.6399219 4.3503616 2.6159432 2.3046041 2.3508027 2.1954060 2.2028026 2.5898987 5.1314167 2.2013937 2.4053399 2.7770968 0.0000000 0.4388525 2.5072349 5.1933066 4.3893600 4.5632117 4.2699256 2.6251869 2.1817777 2.0205320 1.9898446 2.1594799 2.2959267 2.2445172 2.3836232 1.8555015 2.0819070 1.6966931 
BGC0000873_CAD62205_1_Saccharothrix_mutabilis_A_201A_Other                                        4.0758474 3.6534713 4.0274265 2.1217346 2.3649389 2.4225490 2.1123155 2.0129188 2.3985953 4.8647654 2.3130212 2.0247936 2.6170765 0.4388525 0.0000000 2.2296773 4.5313611 4.1491523 4.0820295 4.0701908 2.5707645 2.0400985 1.9249610 1.9422708 2.0465375 2.3158790 2.0781932 2.1952932 1.6079645 2.0329080 1.9332880 
BGC0001373_BAV32148_1_Sordaria_araneosa_sordarin_Polyketide                                       3.7502766 2.6332127 3.8317671 2.0355274 2.4200067 2.5565660 2.4682089 2.5922902 1.8191091 3.1693982 1.6839010 1.4316555 1.8184303 2.5072349 2.2296773 0.0000000 3.2659199 3.6315502 3.5894659 3.3065991 1.5139905 1.6880413 1.6053509 1.4607899 1.5737211 1.5085194 1.4492946 1.5585160 1.5743565 1.6681081 1.7605086 
BGC0001836_DAC80073_1_Gynuella_sunshinyii_YC6258_tartrolon_Polyketide                             4.7753041 4.2644319 4.4607165 4.7537741 4.3953619 4.4848357 4.6819929 5.5832397 3.6935056 1.5040708 5.0713184 3.4838010 3.6444629 5.1933066 4.5313611 3.2659199 0.0000000 0.9726465 1.0010923 1.0344293 3.2988362 3.0206877 2.5965277 2.7037435 3.3298802 3.2954407 3.1749628 2.8412499 3.5882634 3.2268569 3.0840471 
BGC0001350_AMH40422_1_Leptolyngbya_sp_ISBN3_Nov_94_8_phormidolide_Polyketide                      4.6596533 4.3683840 4.1286933 4.0056195 4.0897732 3.8558926 5.4861198 5.7652970 4.1313710 1.5146932 3.7961951 3.5540981 4.0953855 4.3893600 4.1491523 3.6315502 0.9726465 0.0000000 0.9380037 0.9338416 3.1059998 2.8832667 2.8503592 2.6691371 3.1273758 3.1190850 3.0106267 3.2418422 3.4672443 3.3127980 3.4608425 
BGC0001031_AFX60309_1_Serratia_marcescens_oocydin_A_NRPPolyketide                                 5.7767336 4.4685110 4.0522780 3.9628315 6.0667696 5.4185335 5.3761320 5.8183201 4.5724880 1.1764776 4.4062168 3.6823502 3.8067242 4.5632117 4.0820295 3.5894659 1.0010923 0.9380037 0.0000000 0.2349181 3.2334150 3.0490177 2.9233834 3.0070903 3.3362630 3.2190406 3.1121377 3.6453030 3.7263275 3.3414689 3.1976877 
BGC0001032_AFX60332_1_Serratia_plymuthica_oocydin_A_NRPPolyketide                                 5.9643862 4.8160083 4.0926078 3.9419345 5.9052090 5.3946050 5.5457674 5.6270191 4.9063694 1.2184081 4.8322985 4.0806463 3.8742205 4.2699256 4.0701908 3.3065991 1.0344293 0.9338416 0.2349181 0.0000000 3.3000439 3.1498196 2.6631799 2.8575068 3.2969971 3.2277776 3.0984244 3.5310708 3.4321613 3.2971411 3.3094642 
BGC0000291_AAZ23082_1_Streptomyces_fradiae_A54145_NRP                                             4.0077017 3.1439599 3.1565509 2.4991722 2.5297644 2.5757962 2.5740639 2.8570650 1.2390726 3.4699242 1.0599998 1.1509624 1.4675537 2.6251869 2.5707645 1.5139905 3.2988362 3.1059998 3.2334150 3.3000439 0.0000000 1.3051259 1.2384921 1.1735162 1.1014553 1.1459294 1.0488682 1.5327552 1.7231524 1.5422141 1.3930065 
BGC0001902_AJY78093_1_Myxococcus_virescens_bengamide_Polyketide                                   3.9418563 2.8529236 3.7744218 2.5080279 2.3496476 2.5068731 2.8406341 2.7932170 1.6012624 3.2394491 1.5607474 1.6520368 1.6266732 2.1817777 2.0400985 1.6880413 3.0206877 2.8832667 3.0490177 3.1498196 1.3051259 0.0000000 1.2216654 1.1829421 0.9882356 1.0630310 1.0588858 1.4907884 1.5740835 1.7873265 1.4927175 
BGC0001040_CAA60470_1_Streptomyces_rapamycinicus_NRRL_5491_rapamycin_NRPPolyketide                3.7436479 3.4420354 3.4380306 2.2971891 2.5206181 2.5096649 2.6185049 2.7613589 1.2148314 3.4684556 1.3819640 1.2321301 1.3068562 2.0205320 1.9249610 1.6053509 2.5965277 2.8503592 2.9233834 2.6631799 1.2384921 1.2216654 0.0000000 0.3505318 1.1341939 1.1995548 1.0565113 1.5721651 1.2473592 1.6748740 1.2879353 
BGC0000994_AAF86398_1_Streptomyces_hygroscopicus_FR_900520_NRPPolyketide                          3.4364098 2.7833405 3.0741546 2.4794037 2.4893062 2.5116767 2.3902623 2.6034064 1.2391464 3.5404174 1.3656860 1.2608295 1.2853236 1.9898446 1.9422708 1.4607899 2.7037435 2.6691371 3.0070903 2.8575068 1.1735162 1.1829421 0.3505318 0.0000000 0.9928090 1.0832145 0.9848716 1.4609037 1.1585073 1.5984871 1.2884533 
BGC0000970_CAQ43079_1_Chondromyces_crocatus_chondrochloren_A_NRPPolyketide                        3.2365476 2.6589186 3.2515841 2.2617813 2.4853635 2.3030405 3.0297114 2.9887653 1.2657255 3.0022290 1.2271732 1.3137762 1.5352811 2.1594799 2.0465375 1.5737211 3.3298802 3.1273758 3.3362630 3.2969971 1.1014553 0.9882356 1.1341939 0.9928090 0.0000000 0.7282951 0.6365910 1.3876574 1.3424749 1.7327419 1.3755722 
BGC0000147_AAK19884_1_Sorangium_cellulosum_soraphens_Polyketide                                   3.2091756 2.8217385 3.1514121 2.4324723 2.5616456 2.4103589 2.9093679 3.1326105 1.2904652 3.2089903 1.2822445 1.3091523 1.3891666 2.2959267 2.3158790 1.5085194 3.2954407 3.1190850 3.2190406 3.2277776 1.1459294 1.0630310 1.1995548 1.0832145 0.7282951 0.0000000 0.3953913 1.5153230 1.6664767 1.6973569 1.5176862 
BGC0001034_CCE88382_1_Sorangium_cellulosum_pellasoren_NRPPolyketide                               3.2936042 2.6774727 3.1840144 2.3972325 2.2175267 2.1467039 3.1757851 2.9911900 1.2396644 3.1531055 1.2649899 1.3737794 1.4614019 2.2445172 2.0781932 1.4492946 3.1749628 3.0106267 3.1121377 3.0984244 1.0488682 1.0588858 1.0565113 0.9848716 0.6365910 0.3953913 0.0000000 1.4881776 1.4661077 1.6622984 1.4256749 
BGC0000021_AEP40919_1_Nocardiopsis_sp_FU_40_apoptolidin_Polyketide                                3.0570563 2.8605147 2.9799366 2.4421201 2.2617496 2.4211539 2.7468289 2.7502019 1.4504323 3.9724394 1.6019192 1.6267031 1.5233005 2.3836232 2.1952932 1.5585160 2.8412499 3.2418422 3.6453030 3.5310708 1.5327552 1.4907884 1.5721651 1.4609037 1.3876574 1.5153230 1.4881776 0.0000000 1.1884058 1.1556928 1.1496219 
BGC0000333_Sare_4554_Salinispora_arenicola_CNS_205_cyclomarin_D_NRP                               4.2544373 2.8908669 3.6579821 2.1033868 2.1432769 2.2642631 2.5933037 2.5098845 1.8929526 4.4509981 1.4880976 1.3619748 1.6739475 1.8555015 1.6079645 1.5743565 3.5882634 3.4672443 3.7263275 3.4321613 1.7231524 1.5740835 1.2473592 1.1585073 1.3424749 1.6664767 1.4661077 1.1884058 0.0000000 1.4743301 1.0982785 
BGC0002011_AMYAL_RS47350_Amycolatopsis_alba_DSM_44262_ansacarbamitocin_A_maytansinoids_Polyketide 3.0085968 2.8947421 3.9492709 2.4007223 2.1761979 2.1026263 2.9056915 2.8067932 1.8175993 3.7068170 1.7488053 1.7964264 2.0572550 2.0819070 2.0329080 1.6681081 3.2268569 3.3127980 3.3414689 3.2971411 1.5422141 1.7873265 1.6748740 1.5984871 1.7327419 1.6973569 1.6622984 1.1556928 1.4743301 0.0000000 1.1417734 
BGC0000222_BAJ52700_1_Streptomyces_sp_TA_0256_FD_594_Polyketide                                   3.0429842 3.0507592 3.6338794 2.3707864 2.0960344 2.1875719 2.5501108 2.5385750 1.6893508 3.8169732 1.4158876 1.4536208 1.7470104 1.6966931 1.9332880 1.7605086 3.0840471 3.4608425 3.1976877 3.3094642 1.3930065 1.4927175 1.2879353 1.2884533 1.3755722 1.5176862 1.4256749 1.1496219 1.0982785 1.1417734 0.0000000 
