32
AFS60641.1_Candidatus_Entotheonella_factor_polytheonamide_PoyE_polytheonamide          0.0000000 1.4778812 7.6853609 5.3934781 7.4450727 8.3090390 5.4635105 6.4913816 5.8550693 6.0667157 5.0932238 5.4806959 6.5560158 6.4939223 3.9589392 7.2455471 5.8966951 6.1574236 5.5960134 5.5467319 4.8425994 4.8118981 4.8546686 4.5340123 5.1283758 5.5694684 5.6566189 5.3978754 6.3122434 5.2090369 5.1262541 4.8370690 
WP_028499762.1_Microvirgula_aerodenitrificans_AerE_aeronamide                          1.4778812 0.0000000 5.2419215 5.5607097 6.7108965 8.8864921 5.8021505 6.3348424 4.9946982 5.2681520 4.1058164 5.1669838 5.4548230 5.0419969 4.0259124 6.2560590 7.0253528 4.3832084 4.0398661 5.0991007 4.8263013 4.7673215 4.7705563 4.1991551 3.5898040 3.7630079 4.1244297 4.0643764 4.3260778 4.4796353 4.2484475 3.3613704 
Candidatus_Eudoremicrobium_malaspinii_EreM_this_study                                  7.6853609 5.2419215 0.0000000 3.3663783 2.3971120 2.6113503 3.6684258 3.8096547 3.5193229 3.3591809 3.2836288 3.0906385 3.9180322 3.9900318 2.9564295 3.1027370 3.2429855 3.7764271 3.3608759 3.4072643 3.3800396 2.7685444 2.8086494 3.2199374 2.7857393 2.7301856 3.1809980 3.1504083 3.2579907 2.9522153 2.8453334 3.2657221 
ABI26077_1_Planktothrix_agardhii_NIVA_CYA_116_cyanopeptin_NRP                          5.3934781 5.5607097 3.3663783 0.0000000 2.5528683 2.6222977 3.0087731 3.3672544 1.4506310 2.6931854 1.6556236 1.5436466 1.5273591 1.7607536 1.5054527 2.1873332 2.3265726 1.2998485 1.6034978 1.0078560 1.0287675 1.0817391 1.0715173 1.5584972 1.3365228 1.2794463 1.4042697 1.5674920 1.4470069 1.8442682 1.9281435 1.7428242 
AKC92641_1_Amycolatopsis_sp_SANK_60206_A_102395_Other                                  7.4450727 6.7108965 2.3971120 2.5528683 0.0000000 0.4588317 2.6461443 3.4478901 2.8962782 3.2691217 3.1266710 2.8912451 3.2289216 3.7635982 2.6964999 2.5869531 2.6251877 2.8501414 2.6629311 2.7022574 2.7904542 3.0276316 3.0290769 2.5001915 2.8343233 2.7146376 2.5248872 2.8133719 2.4958288 2.5280977 2.6491392 2.5287624 
BAI53084_1_Streptomyces_griseus_A_500359_NRP                                           8.3090390 8.8864921 2.6113503 2.6222977 0.4588317 0.0000000 3.0680045 3.7138107 2.8405163 3.5638049 3.2069567 3.0216611 3.2499483 3.6184946 3.1282147 2.6192309 2.7892445 3.0818273 2.7656021 2.7606612 2.9310778 2.8675247 2.8875722 2.6737247 2.8693823 2.8637344 2.5058483 2.5322638 2.3419145 2.8985611 2.4901113 2.6095679 
AET51865_1_Marinactinospora_thermotolerans_A_201A_Other                                5.4635105 5.8021505 3.6684258 3.0087731 2.6461443 3.0680045 0.0000000 0.8046597 3.3410370 2.5518399 2.9243403 3.2223939 2.7234223 3.5951556 2.3671889 2.6439106 2.3783957 2.9704365 2.8602339 3.0159743 2.7945976 2.8545767 2.9754893 3.2472814 2.8388062 2.7288940 2.9459529 2.8506997 2.9377725 2.6745618 3.3189426 2.8338674 
CAD62202_1_Saccharothrix_mutabilis_A_201A_Other                                        6.4913816 6.3348424 3.8096547 3.3672544 3.4478901 3.7138107 0.8046597 0.0000000 4.1763175 2.4613062 3.3642207 3.7449517 3.9235107 4.1957240 2.8167884 2.4498121 2.1408722 3.6840218 3.5165862 3.4902722 3.2718656 3.0284445 3.0090571 3.1825178 2.7738212 2.9067807 3.5291846 3.6184394 3.5581659 2.7300870 2.7370158 3.1696592 
BCRE_RS14165_Candidatus_Burkholderia_crenata_FR900359_NRP                              5.8550693 4.9946982 3.5193229 1.4506310 2.8962782 2.8405163 3.3410370 4.1763175 0.0000000 3.0653717 1.3343256 0.9888581 1.2486031 1.4076573 1.7602193 2.5139298 2.6791740 1.2509631 1.5631545 1.8342148 1.6277198 1.8125484 1.7413302 1.5140319 1.2777301 1.2393468 1.3581187 1.3408813 1.2946175 1.8444594 1.9483152 1.7752491 
AAK83186_1_Streptomyces_viridochromogenes_Tue57_avilamycin_A_Saccharide                6.0667157 5.2681520 3.3591809 2.6931854 3.2691217 3.5638049 2.5518399 2.4613062 3.0653717 0.0000000 2.4070635 2.6608892 2.7582096 3.1248553 2.2487741 2.6673144 2.3248605 2.8278624 3.1475066 3.2134359 2.8553446 2.5697886 2.6307905 2.6249539 2.6602186 2.6794536 2.5693825 2.6645344 2.8315987 2.3453878 2.8723304 2.6795435 
PA2302_Pseudomonas_aeruginosa_PAO1_l_2_Amino_4_methoxy_trans_3_butenoic_acid_NRP       5.0932238 4.1058164 3.2836288 1.6556236 3.1266710 3.2069567 2.9243403 3.3642207 1.3343256 2.4070635 0.0000000 1.2546084 1.2946119 1.5321435 1.7311179 2.2157897 2.2347659 1.0893603 1.5363972 1.8222302 1.6677405 1.7752034 1.7753445 1.6830107 1.4957763 1.4662306 1.4099043 1.4512972 1.3174833 1.6511278 1.7629655 1.5330846 
BAP05589_1_uncultured_Candidatus_Entotheonella_sp_calyculin_NRPPolyketide              5.4806959 5.1669838 3.0906385 1.5436466 2.8912451 3.0216611 3.2223939 3.7449517 0.9888581 2.6608892 1.2546084 0.0000000 1.3030298 1.2579139 1.6430495 2.3289095 2.2176476 1.3371809 1.5344808 1.5264230 1.5745965 1.6184901 1.5835649 1.6236997 1.0548234 1.0784140 1.4199904 1.5222013 1.3841222 1.5154162 2.0812715 1.6860924 
ABV56588_1_Kutzneria_sp_744_kutzneride_NRP                                             6.5560158 5.4548230 3.9180322 1.5273591 3.2289216 3.2499483 2.7234223 3.9235107 1.2486031 2.7582096 1.2946119 1.3030298 0.0000000 0.7324414 1.4756049 2.4688477 2.2176325 1.1848484 1.6977184 1.8481423 1.7523361 1.6669728 1.7161847 1.5672976 1.2353200 1.2493501 1.4304372 1.4105341 1.4527043 1.3977873 1.7877804 1.5237246 
STRAU_RS01650_Streptomyces_aurantiacus_JA_4570_aurantimycin_A_NRPPolyketide            6.4939223 5.0419969 3.9900318 1.7607536 3.7635982 3.6184946 3.5951556 4.1957240 1.4076573 3.1248553 1.5321435 1.2579139 0.7324414 0.0000000 1.9138406 2.6829755 2.5803636 1.5027445 1.7044715 1.8712466 1.8293910 1.7866070 1.8192793 1.5804526 1.4309525 1.3814165 1.6345751 1.4541107 1.5216872 1.8207304 2.1180886 1.7424596 
BAV32148_1_Sordaria_araneosa_sordarin_Polyketide                                       3.9589392 4.0259124 2.9564295 1.5054527 2.6964999 3.1282147 2.3671889 2.8167884 1.7602193 2.2487741 1.7311179 1.6430495 1.4756049 1.9138406 0.0000000 2.3082066 2.2393317 1.5882439 1.6924491 1.5691477 1.6844951 1.5534607 1.5962952 1.5864439 1.7049477 1.5904038 1.5517991 1.5110176 1.4796888 1.7433834 1.6443341 1.8024502 
AET51868_1_Marinactinospora_thermotolerans_A_201A_Other                                7.2455471 6.2560590 3.1027370 2.1873332 2.5869531 2.6192309 2.6439106 2.4498121 2.5139298 2.6673144 2.2157897 2.3289095 2.4688477 2.6829755 2.3082066 0.0000000 0.4370706 2.5859822 2.1080629 2.2574978 2.0684844 2.1994236 2.2305787 2.2291482 1.8995994 1.8831039 2.0094631 2.2762526 2.1070046 1.9599011 2.0684155 1.9673483 
CAD62205_1_Saccharothrix_mutabilis_A_201A_Other                                        5.8966951 7.0253528 3.2429855 2.3265726 2.6251877 2.7892445 2.3783957 2.1408722 2.6791740 2.3248605 2.2347659 2.2176476 2.2176325 2.5803636 2.2393317 0.4370706 0.0000000 2.7328879 2.2207838 2.5942762 2.4682507 2.4247719 2.3929181 2.2656909 1.9389159 1.9199216 2.0257984 2.4649582 2.0736304 1.7230580 2.1757411 2.0859061 
AAZ23082_1_Streptomyces_fradiae_A54145_NRP                                             6.1574236 4.3832084 3.7764271 1.2998485 2.8501414 3.0818273 2.9704365 3.6840218 1.2509631 2.8278624 1.0893603 1.3371809 1.1848484 1.5027445 1.5882439 2.5859822 2.7328879 0.0000000 1.3178375 1.5307501 1.4082398 1.5971287 1.6091814 1.5773162 1.3725545 1.2773882 1.1775849 1.1875685 1.0861617 1.8569567 1.6364691 1.5397370 
AJY78093_1_Myxococcus_virescens_bengamide_Polyketide                                   5.5960134 4.0398661 3.3608759 1.6034978 2.6629311 2.7656021 2.8602339 3.5165862 1.5631545 3.1475066 1.5363972 1.5344808 1.6977184 1.7044715 1.6924491 2.1080629 2.2207838 1.3178375 0.0000000 1.6414220 1.6185209 1.6518515 1.6961299 1.5836407 1.2430612 1.1963382 1.0118677 1.1098482 1.0775429 1.6807756 1.8641519 1.4818455 
DAC80073_1_Gynuella_sunshinyii_YC6258_tartrolon_Polyketide                             5.5467319 5.0991007 3.4072643 1.0078560 2.7022574 2.7606612 3.0159743 3.4902722 1.8342148 3.2134359 1.8222302 1.5264230 1.8481423 1.8712466 1.5691477 2.2574978 2.5942762 1.5307501 1.6414220 0.0000000 0.7287519 0.7353470 0.7178424 1.4591769 1.4362406 1.3571082 1.4728243 1.6023214 1.5848238 1.6760751 1.8370331 1.8102378 
AMH40422_1_Leptolyngbya_sp_ISBN3_Nov_94_8_phormidolide_Polyketide                      4.8425994 4.8263013 3.3800396 1.0287675 2.7904542 2.9310778 2.7945976 3.2718656 1.6277198 2.8553446 1.6677405 1.5745965 1.7523361 1.8293910 1.6844951 2.0684844 2.4682507 1.4082398 1.6185209 0.7287519 0.0000000 0.6570360 0.6625740 1.4840094 1.2881193 1.2202871 1.2907779 1.4682498 1.4320811 1.5869818 1.8866775 1.5371853 
AFX60309_1_Serratia_marcescens_oocydin_A_NRPPolyketide                                 4.8118981 4.7673215 2.7685444 1.0817391 3.0276316 2.8675247 2.8545767 3.0284445 1.8125484 2.5697886 1.7752034 1.6184901 1.6669728 1.7866070 1.5534607 2.1994236 2.4247719 1.5971287 1.6518515 0.7353470 0.6570360 0.0000000 0.1101770 1.5406976 1.2725633 1.1987970 1.4553064 1.4526191 1.3949826 1.6440861 1.7860859 1.4732326 
AFX60332_1_Serratia_plymuthica_oocydin_A_NRPPolyketide                                 4.8546686 4.7705563 2.8086494 1.0715173 3.0290769 2.8875722 2.9754893 3.0090571 1.7413302 2.6307905 1.7753445 1.5835649 1.7161847 1.8192793 1.5962952 2.2305787 2.3929181 1.6091814 1.6961299 0.7178424 0.6625740 0.1101770 0.0000000 1.6338519 1.2314959 1.2010423 1.4186831 1.4518271 1.3718092 1.6442491 1.7893971 1.5536779 
AEP40919_1_Nocardiopsis_sp_FU_40_apoptolidin_Polyketide                                4.5340123 4.1991551 3.2199374 1.5584972 2.5001915 2.6737247 3.2472814 3.1825178 1.5140319 2.6249539 1.6830107 1.6236997 1.5672976 1.5804526 1.5864439 2.2291482 2.2656909 1.5773162 1.5836407 1.4591769 1.4840094 1.5406976 1.6338519 0.0000000 1.6282553 1.4770379 1.3975227 1.5083249 1.4968814 1.2387178 1.1813077 1.1431333 
CAA60470_1_Streptomyces_rapamycinicus_NRRL_5491_rapamycin_NRPPolyketide                5.1283758 3.5898040 2.7857393 1.3365228 2.8343233 2.8693823 2.8388062 2.7738212 1.2777301 2.6602186 1.4957763 1.0548234 1.2353200 1.4309525 1.7049477 1.8995994 1.9389159 1.3725545 1.2430612 1.4362406 1.2881193 1.2725633 1.2314959 1.6282553 0.0000000 0.3575271 1.1803364 1.2403118 1.1123389 1.2736731 1.7061318 1.3424403 
AAF86398_1_Streptomyces_hygroscopicus_FR_900520_NRPPolyketide                          5.5694684 3.7630079 2.7301856 1.2794463 2.7146376 2.8637344 2.7288940 2.9067807 1.2393468 2.6794536 1.4662306 1.0784140 1.2493501 1.3814165 1.5904038 1.8831039 1.9199216 1.2773882 1.1963382 1.3571082 1.2202871 1.1987970 1.2010423 1.4770379 0.3575271 0.0000000 1.0436534 1.1183461 1.0420842 1.1810971 1.5988256 1.3789175 
CAQ43079_1_Chondromyces_crocatus_chondrochloren_A_NRPPolyketide                        5.6566189 4.1244297 3.1809980 1.4042697 2.5248872 2.5058483 2.9459529 3.5291846 1.3581187 2.5693825 1.4099043 1.4199904 1.4304372 1.6345751 1.5517991 2.0094631 2.0257984 1.1775849 1.0118677 1.4728243 1.2907779 1.4553064 1.4186831 1.3975227 1.1803364 1.0436534 0.0000000 0.8083189 0.7060701 1.3984790 1.7635492 1.4727480 
AAK19884_1_Sorangium_cellulosum_soraphens_Polyketide                                   5.3978754 4.0643764 3.1504083 1.5674920 2.8133719 2.5322638 2.8506997 3.6184394 1.3408813 2.6645344 1.4512972 1.5222013 1.4105341 1.4541107 1.5110176 2.2762526 2.4649582 1.1875685 1.1098482 1.6023214 1.4682498 1.4526191 1.4518271 1.5083249 1.2403118 1.1183461 0.8083189 0.0000000 0.4275324 1.7095685 1.6818388 1.5853848 
CCE88382_1_Sorangium_cellulosum_pellasoren_NRPPolyketide                               6.3122434 4.3260778 3.2579907 1.4470069 2.4958288 2.3419145 2.9377725 3.5581659 1.2946175 2.8315987 1.3174833 1.3841222 1.4527043 1.5216872 1.4796888 2.1070046 2.0736304 1.0861617 1.0775429 1.5848238 1.4320811 1.3949826 1.3718092 1.4968814 1.1123389 1.0420842 0.7060701 0.4275324 0.0000000 1.5909466 1.6059243 1.5658041 
Sare_4554_Salinispora_arenicola_CNS_205_cyclomarin_D_NRP                               5.2090369 4.4796353 2.9522153 1.8442682 2.5280977 2.8985611 2.6745618 2.7300870 1.8444594 2.3453878 1.6511278 1.5154162 1.3977873 1.8207304 1.7433834 1.9599011 1.7230580 1.8569567 1.6807756 1.6760751 1.5869818 1.6440861 1.6442491 1.2387178 1.2736731 1.1810971 1.3984790 1.7095685 1.5909466 0.0000000 1.4864210 1.1715291 
AMYAL_RS47350_Amycolatopsis_alba_DSM_44262_ansacarbamitocin_A_maytansinoids_Polyketide 5.1262541 4.2484475 2.8453334 1.9281435 2.6491392 2.4901113 3.3189426 2.7370158 1.9483152 2.8723304 1.7629655 2.0812715 1.7877804 2.1180886 1.6443341 2.0684155 2.1757411 1.6364691 1.8641519 1.8370331 1.8866775 1.7860859 1.7893971 1.1813077 1.7061318 1.5988256 1.7635492 1.6818388 1.6059243 1.4864210 0.0000000 1.1069633 
BAJ52700_1_Streptomyces_sp_TA_0256_FD_594_Polyketide                                   4.8370690 3.3613704 3.2657221 1.7428242 2.5287624 2.6095679 2.8338674 3.1696592 1.7752491 2.6795435 1.5330846 1.6860924 1.5237246 1.7424596 1.8024502 1.9673483 2.0859061 1.5397370 1.4818455 1.8102378 1.5371853 1.4732326 1.5536779 1.1431333 1.3424403 1.3789175 1.4727480 1.5853848 1.5658041 1.1715291 1.1069633 0.0000000 
