40
MALASAMN05422137_METAGscaffold4_gene141_Candidatus_Eudoremicrobiaceae_proteusin 0.0000000 7.6980643 8.5130670 7.8019026 8.9999984 7.6162434 7.1565365 8.3987285 6.8415341 7.5260347 6.3702463 8.9999984 8.4632149 7.9189553 8.9999983 7.9487272 8.3519444 6.4739660 6.7897737 7.0265523 6.4540324 7.1089403 7.4363288 7.5268034 7.0915815 8.3741132 5.0591900 8.9999990 5.9076510 6.6733066 6.8805340 7.2847631 8.9999984 8.9690736 7.1054437 7.0904039 6.7485292 7.8409682 7.4815458 5.9754869 
BGC0000021_AEP40919_1_Nocardiopsis_sp_FU_40_Polyketide                          7.6980643 0.0000000 4.5982082 3.2364115 2.8907769 3.9274687 4.8127770 3.2388577 3.2853424 2.8317017 4.8315347 4.0274687 6.5720736 4.3443141 5.7595167 7.9064343 5.3367247 5.1107429 3.2816713 2.7850743 2.7188570 3.3361347 3.4477283 3.3065902 3.0929520 5.9048343 4.5094841 3.6239112 4.6033839 3.2118751 3.4525831 3.5760432 3.8329728 3.4292958 2.8297275 2.6112750 2.7469616 3.0529046 1.9836175 2.8309838 
BGC0000026_AAK83186_1_Streptomyces_viridochromogenes_Tue57_Saccharide           8.5130670 4.5982082 0.0000000 5.2227250 6.9289900 5.4503294 6.3209071 5.8682794 6.5100733 5.0067164 5.5231876 6.1196409 5.4852328 4.7449560 7.3509560 4.2430423 3.9478334 7.0474104 5.5046903 5.4320459 5.0145730 6.3165386 6.2433611 5.4509879 5.3925645 4.9815389 4.9149975 5.4659011 7.1056949 7.4479007 4.6543356 7.3918628 6.1300136 5.9456683 6.9290957 6.3618865 5.5071941 6.4800633 5.9149455 4.5650709 
BGC0000147_AAK19884_1_Sorangium_cellulosum_Polyketide                           7.8019026 3.2364115 5.2227250 0.0000000 3.9020959 2.5113291 5.5485473 2.4278741 2.5496275 3.3969977 5.2908505 2.5699581 6.0468144 4.4863058 5.6729489 7.0967266 6.0748820 4.9004897 2.2156374 1.5700930 2.1510048 2.2194811 2.2587080 0.9750198 2.3125472 5.8864453 5.8440816 2.6255521 5.5938389 2.2120994 3.9440123 2.6397749 2.3541810 2.3972734 2.1373715 3.8770261 3.6475412 1.5539864 3.7588388 4.1612471 
BGC0000222_BAJ52700_1_Streptomyces_sp_TA_0256_Polyketide                        8.9999984 2.8907769 6.9289900 3.9020959 0.0000000 3.0814111 6.7940005 3.3236507 3.4965199 2.3086196 6.2479173 3.2970551 5.0375018 4.9528408 5.8720994 7.2960521 5.9222115 6.6060862 3.6709692 2.4834942 3.1531006 3.3397899 3.3496562 3.6516379 2.9185135 7.2328208 4.6960913 3.7532306 6.3469292 3.3088031 4.9785532 3.3109367 4.1081697 3.8346093 4.2724248 2.1955332 2.1327799 3.1589204 2.3124820 2.3613784 
BGC0000287_PA2302_Pseudomonas_aeruginosa_PAO1_NRP                               7.6162434 3.9274687 5.4503294 2.5113291 3.0814111 0.0000000 5.0986006 2.5158054 2.7945381 3.5062355 5.2290604 2.8770338 6.5185149 5.3033510 4.5302097 6.0540562 6.2336923 5.1547033 3.2988479 2.5749617 2.4651385 3.1614839 3.1985648 2.4943431 2.5890039 6.6186423 6.4665943 2.8880967 5.7562229 2.7345541 3.9431758 2.9552530 3.2049006 2.7336094 2.8339261 3.5673804 4.0106365 2.8246449 3.6608025 2.8892620 
BGC0000288_BAJ19055_1_Streptomyces_sp_SANK_62799_NRP                            7.1565365 4.8127770 6.3209071 5.5485473 6.7940005 5.0986006 0.0000000 5.9239769 4.5244731 5.9373867 3.5221007 6.0144128 4.9235826 5.1026306 4.0698869 6.5451913 6.9562612 0.2489538 5.5228564 5.4036580 5.2634029 5.5887165 5.3925779 4.6972520 4.9877189 6.0417314 7.0646349 6.0223860 0.4738543 6.1520964 6.0173961 5.2639323 6.3546622 6.8576382 5.2068897 6.3028295 7.4457105 5.6036491 5.6604732 4.2833378 
BGC0000291_AAZ23082_1_Streptomyces_fradiae_NRP                                  8.3987285 3.2388577 5.8682794 2.4278741 3.3236507 2.5158054 5.9239769 0.0000000 2.3819107 3.6706563 5.8042019 2.0302997 6.9814011 5.5535527 6.0676462 6.5940795 6.4203237 6.1356867 2.8700228 2.5874940 2.8823891 2.9342238 2.9717493 2.1988203 2.8751837 6.1564984 6.2050746 2.8585293 5.4802197 3.0352000 3.7470817 2.5464911 3.0921585 3.0472129 2.7899629 4.2699632 3.6957927 2.8831751 3.7042975 3.5126682 
BGC0000331_ABI26077_1_Planktothrix_agardhii_NIVA_CYA_116_NRP                    6.8415341 3.2853424 6.5100733 2.5496275 3.4965199 2.7945381 4.5244731 2.3819107 0.0000000 3.2510186 5.4031239 2.6428023 8.9999987 4.9717073 4.4042000 7.6252938 5.9559051 4.3758539 2.3399192 1.8185698 2.6428768 2.1757170 2.1947488 2.2982646 2.7318681 7.2330299 6.6542363 3.7901168 4.4183511 2.3749664 3.8832312 2.4829233 3.1331115 3.3967561 2.2401777 4.1370581 3.9456673 2.7150447 3.4017618 3.4672063 
BGC0000333_Sare_4554_Salinispora_arenicola_CNS_205_NRP                          7.5260347 2.8317017 5.0067164 3.3969977 2.3086196 3.5062355 5.9373867 3.6706563 3.2510186 0.0000000 7.4461561 2.8812910 5.3199270 5.6392897 6.6338434 7.4566910 4.3119323 6.0711389 3.6213139 2.8081035 2.5229387 3.4530926 3.4363378 2.9015734 2.6204261 6.8143348 4.5196307 3.6345717 5.7230456 3.3197464 4.9356710 3.6398795 3.7410384 3.5095431 3.4681047 2.5178825 2.4061126 3.4742791 3.0915500 3.3486258 
BGC0000362_AAD44221_1_Mycobacterium_avium_NRP                                   6.3702463 4.8315347 5.5231876 5.2908505 6.2479173 5.2290604 3.5221007 5.8042019 5.4031239 7.4461561 0.0000000 7.0998873 6.1622472 5.0625873 2.3987242 6.8021530 6.0657265 3.8453228 5.3234126 5.0321747 4.7132107 5.6574585 5.8158705 5.6751668 4.3698749 5.8811635 4.5135241 4.9826644 3.7758125 6.2156990 4.9787313 5.5342241 6.4352813 5.2060775 5.0828152 6.2519457 6.8507710 5.6360447 5.9046650 4.8303528 
BGC0000378_ABV56588_1_Kutzneria_sp_744_NRP                                      8.9999984 4.0274687 6.1196409 2.5699581 3.2970551 2.8770338 6.0144128 2.0302997 2.6428023 2.8812910 7.0998873 0.0000000 7.6958695 5.2093059 6.9020257 8.8762377 5.6893797 5.3223827 2.9590576 2.6053828 2.8256997 2.8535541 2.8641854 2.5894055 3.1117097 6.0937958 6.5294869 3.1070645 5.2795083 2.9702185 4.2559209 2.5165361 1.7173612 3.0670761 3.0257727 3.4369654 3.3011361 2.9331207 3.1983028 3.4462135 
BGC0000495_ACR33061_1_Actinoplanes_garbadinensis_RiPP                           8.4632149 6.5720736 5.4852328 6.0468144 5.0375018 6.5185149 4.9235826 6.9814011 8.9999987 5.3199270 6.1622472 7.6958695 0.0000000 4.9248167 6.3840516 5.3696296 4.2121465 4.8050765 7.7631881 6.4884344 5.7811819 7.0922900 6.9057477 6.7616886 5.7364246 4.9114276 5.6394544 6.2545041 4.3938504 5.8224058 8.9890129 8.4705703 6.2476300 6.5230461 7.6953614 4.9714970 6.0218568 6.1309816 5.3148881 5.3695277 
BGC0000698_ABC42543_1_Streptomyces_hygroscopicus_Saccharide                     7.9189553 4.3443141 4.7449560 4.4863058 4.9528408 5.3033510 5.1026306 5.5535527 4.9717073 5.6392897 5.0625873 5.2093059 4.9248167 0.0000000 5.6386383 4.6300960 4.1009038 4.9266911 5.7734012 5.0844064 5.6000135 5.4785366 5.3769989 4.9178835 5.9450116 4.9159930 4.7841646 6.0845085 5.5656968 6.0817497 5.5497400 4.8202961 5.8430368 6.3407904 5.5414655 4.0926217 4.4355717 5.6210459 4.9148392 4.1627144 
BGC0000769_AAN05766_1_NA_NA                                                     8.9999983 5.7595167 7.3509560 5.6729489 5.8720994 4.5302097 4.0698869 6.0676462 4.4042000 6.6338434 2.3987242 6.9020257 6.3840516 5.6386383 0.0000000 8.9999987 4.9333593 3.9192892 5.3473758 5.1379133 4.5216590 6.9298263 6.8821760 5.4333209 5.1028601 6.6787069 5.7710237 6.3738106 3.9296669 5.9943677 5.5813510 5.9305512 7.3658286 5.2341042 5.5753204 7.1661221 8.2844019 5.2360563 5.5802295 6.4357033 
BGC0000873_CAD62202_1_Saccharothrix_mutabilis_Other                             7.9487272 7.9064343 4.2430423 7.0967266 7.2960521 6.0540562 6.5451913 6.5940795 7.6252938 7.4566910 6.8021530 8.8762377 5.3696296 4.6300960 8.9999987 0.0000000 3.9411008 6.4117152 8.2991501 6.7070551 5.5579183 8.4459545 8.2334888 7.9304282 5.3730053 1.4501737 4.6212801 7.3650547 5.8190113 6.9970978 6.3909000 8.3857958 8.9999990 8.2394709 7.5774650 7.0446941 7.5259438 6.5497219 5.9773110 5.5288747 
BGC0000873_CAD62205_1_Saccharothrix_mutabilis_Other                             8.3519444 5.3367247 3.9478334 6.0748820 5.9222115 6.2336923 6.9562612 6.4203237 5.9559051 4.3119323 6.0657265 5.6893797 4.2121465 4.1009038 4.9333593 3.9411008 0.0000000 6.7625422 4.4763961 4.9056859 4.4414686 7.9182370 7.3082242 5.6671078 5.7125913 4.0688223 1.3377737 6.2665663 7.0431315 6.7844425 5.8263621 5.8820225 6.2666995 6.8888876 6.4008690 4.2384698 4.9685299 5.3037603 4.9951139 4.3078269 
BGC0000949_BAI53084_1_Streptomyces_griseus_NRP                                  6.4739660 5.1107429 7.0474104 4.9004897 6.6060862 5.1547033 0.2489538 6.1356867 4.3758539 6.0711389 3.8453228 5.3223827 4.8050765 4.9266911 3.9192892 6.4117152 6.7625422 0.0000000 5.7348379 5.1396614 5.2969825 5.3633049 5.1641911 4.4847012 5.1537423 5.6712771 6.8193775 5.5193366 0.5915477 5.8130248 6.4341009 5.5130869 6.7839261 6.8151082 5.0473534 5.9575199 6.3103384 5.4730807 5.5842955 4.5586955 
BGC0000967_BAP05589_1_uncultured_Candidatus_Entotheonella_sp_NRP_Polyketide     6.7897737 3.2816713 5.5046903 2.2156374 3.6709692 3.2988479 5.5228564 2.8700228 2.3399192 3.6213139 5.3234126 2.9590576 7.7631881 5.7734012 5.3473758 8.2991501 4.4763961 5.7348379 0.0000000 2.0031451 2.0056119 2.4149129 2.2647070 2.1305912 1.9960495 6.7803084 5.2107203 3.2897715 5.5020942 2.5621815 3.9991564 3.0651295 2.9599592 2.8794847 2.2189951 4.1841762 3.8826917 2.2801263 3.6937411 3.9108259 
BGC0000970_CAQ43079_1_Chondromyces_crocatus_NRP_Polyketide                      7.0265523 2.7850743 5.4320459 1.5700930 2.4834942 2.5749617 5.4036580 2.5874940 1.8185698 2.8081035 5.0321747 2.6053828 6.4884344 5.0844064 5.1379133 6.7070551 4.9056859 5.1396614 2.0031451 0.0000000 1.9483509 2.0479125 2.0770678 1.4950883 2.2174345 6.4379511 5.6610823 2.7417804 4.9458207 2.0919733 3.8063402 2.1919483 3.1095617 2.4393499 2.0709708 2.9574529 2.8374640 1.9311175 2.7355643 3.4826906 
BGC0000994_AAF86398_1_Streptomyces_hygroscopicus_NRP_Polyketide                 6.4540324 2.7188570 5.0145730 2.1510048 3.1531006 2.4651385 5.2634029 2.8823891 2.6428768 2.5229387 4.7132107 2.8256997 5.7811819 5.6000135 4.5216590 5.5579183 4.4414686 5.2969825 2.0056119 1.9483509 0.0000000 2.2406732 2.2338405 1.9191262 0.6098597 4.9728710 4.8567787 2.8082788 5.4255182 2.2062365 4.2265000 2.4237843 2.6634428 2.5788684 2.2667727 2.7301281 2.8093937 2.2195252 2.6471541 3.4863023 
BGC0001031_AFX60309_1_Serratia_marcescens_NRP_Polyketide                        7.1089403 3.3361347 6.3165386 2.2194811 3.3397899 3.1614839 5.5887165 2.9342238 2.1757170 3.4530926 5.6574585 2.8535541 7.0922900 5.4785366 6.9298263 8.4459545 7.9182370 5.3633049 2.4149129 2.0479125 2.2406732 0.0000000 0.1179254 2.2033405 2.5321429 7.4362460 7.4368095 3.6384318 6.0754559 1.4021671 4.8072984 2.9371124 3.0067199 3.4027835 1.2555207 3.7703517 3.7243965 2.3605299 3.0495052 4.0449366 
BGC0001032_AFX60332_1_Serratia_plymuthica_NRP_Polyketide                        7.4363288 3.4477283 6.2433611 2.2587080 3.3496562 3.1985648 5.3925779 2.9717493 2.1947488 3.4363378 5.8158705 2.8641854 6.9057477 5.3769989 6.8821760 8.2334888 7.3082242 5.1641911 2.2647070 2.0770678 2.2338405 0.1179254 0.0000000 2.1397466 2.4081347 7.3933249 8.0481906 3.5755143 5.9083865 1.3866926 4.9760046 2.9594293 2.9978125 3.3308808 1.2955444 3.9314516 3.8365978 2.4863769 3.2533453 4.0185876 
BGC0001034_CCE88382_1_Sorangium_cellulosum_NRP_Polyketide                       7.5268034 3.3065902 5.4509879 0.9750198 3.6516379 2.4943431 4.6972520 2.1988203 2.2982646 2.9015734 5.6751668 2.5894055 6.7616886 4.9178835 5.4333209 7.9304282 5.6671078 4.4847012 2.1305912 1.4950883 1.9191262 2.2033405 2.1397466 0.0000000 1.7418346 6.7153089 6.7211934 2.4221343 4.7530045 2.2410496 3.7618397 2.6869343 3.0702672 2.0437025 2.3226478 3.2556583 3.5125717 1.9488553 3.1477327 3.6183171 
BGC0001040_CAA60470_1_Streptomyces_rapamycinicus_NRRL_5491_NRP_Polyketide       7.0915815 3.0929520 5.3925645 2.3125472 2.9185135 2.5890039 4.9877189 2.8751837 2.7318681 2.6204261 4.3698749 3.1117097 5.7364246 5.9450116 5.1028601 5.3730053 5.7125913 5.1537423 1.9960495 2.2174345 0.6098597 2.5321429 2.4081347 1.7418346 0.0000000 5.3829108 5.3471842 2.5960148 5.2563284 2.2010702 4.9101074 2.4369383 3.3016729 2.5358962 2.3400340 2.8579899 2.7977660 2.1317444 2.3968328 4.1963757 
BGC0001138_AET51865_1_Marinactinospora_thermotolerans_Other                     8.3741132 5.9048343 4.9815389 5.8864453 7.2328208 6.6186423 6.0417314 6.1564984 7.2330299 6.8143348 5.8811635 6.0937958 4.9114276 4.9159930 6.6787069 1.4501737 4.0688223 5.6712771 6.7803084 6.4379511 4.9728710 7.4362460 7.3933249 6.7153089 5.3829108 0.0000000 5.2141873 6.2634563 5.6881078 7.1259930 5.7547167 6.4487013 8.1846877 7.1119597 7.2399953 6.1812247 7.7959602 7.3493588 5.0584620 5.9998890 
BGC0001138_AET51868_1_Marinactinospora_thermotolerans_Other                     5.0591900 4.5094841 4.9149975 5.8440816 4.6960913 6.4665943 7.0646349 6.2050746 6.6542363 4.5196307 4.5135241 6.5294869 5.6394544 4.7841646 5.7710237 4.6212801 1.3377737 6.8193775 5.2107203 5.6610823 4.8567787 7.4368095 8.0481906 6.7211934 5.3471842 5.2141873 0.0000000 5.0958779 7.2434923 5.9137908 5.6712008 6.7942317 6.3673159 6.1587440 5.8380998 5.3759509 5.2982388 5.1373136 4.2813767 4.1965873 
BGC0001183_AGC09508_1_Streptomyces_sp_FXJ7_023_Polyketide                       8.9999990 3.6239112 5.4659011 2.6255521 3.7532306 2.8880967 6.0223860 2.8585293 3.7901168 3.6345717 4.9826644 3.1070645 6.2545041 6.0845085 6.3738106 7.3650547 6.2665663 5.5193366 3.2897715 2.7417804 2.8082788 3.6384318 3.5755143 2.4221343 2.5960148 6.2634563 5.0958779 0.0000000 5.9548686 3.2150954 3.0559255 3.0330184 2.9972742 0.2046829 3.1450525 3.8241634 3.5786628 3.0998638 4.0583157 3.7571039 
BGC0001191_AKC92641_1_Amycolatopsis_sp_SANK_60206_Other                         5.9076510 4.6033839 7.1056949 5.5938389 6.3469292 5.7562229 0.4738543 5.4802197 4.4183511 5.7230456 3.7758125 5.2795083 4.3938504 5.5656968 3.9296669 5.8190113 7.0431315 0.5915477 5.5020942 4.9458207 5.4255182 6.0754559 5.9083865 4.7530045 5.2563284 5.6881078 7.2434923 5.9548686 0.0000000 6.2557601 4.8304575 5.3287249 6.1748390 6.9128287 5.6720882 5.9304887 6.8732168 4.8217792 4.8033548 4.4323685 
BGC0001350_AMH40422_1_Leptolyngbya_sp_ISBN3_Nov_94_8_Polyketide                 6.6733066 3.2118751 7.4479007 2.2120994 3.3088031 2.7345541 6.1520964 3.0352000 2.3749664 3.3197464 6.2156990 2.9702185 5.8224058 6.0817497 5.9943677 6.9970978 6.7844425 5.8130248 2.5621815 2.0919733 2.2062365 1.4021671 1.3866926 2.2410496 2.2010702 7.1259930 5.9137908 3.2150954 6.2557601 0.0000000 4.6664720 2.9520724 3.3632144 2.7165581 1.2474247 3.6380972 3.8679282 2.6065489 3.6681136 4.4321670 
BGC0001373_BAV32148_1_Sordaria_araneosa_Polyketide                              6.8805340 3.4525831 4.6543356 3.9440123 4.9785532 3.9431758 6.0173961 3.7470817 3.8832312 4.9356710 4.9787313 4.2559209 8.9890129 5.5497400 5.5813510 6.3909000 5.8263621 6.4341009 3.9991564 3.8063402 4.2265000 4.8072984 4.9760046 3.7618397 4.9101074 5.7547167 5.6712008 3.0559255 4.8304575 4.6664720 0.0000000 4.7560601 5.6949188 2.7229393 3.8665319 3.6311192 3.8269535 3.9486468 4.7956268 3.5204305 
BGC0001451_BCRE_RS14165_Candidatus_Burkholderia_crenata_NRP                     7.2847631 3.5760432 7.3918628 2.6397749 3.3109367 2.9552530 5.2639323 2.5464911 2.4829233 3.6398795 5.5342241 2.5165361 8.4705703 4.8202961 5.9305512 8.3857958 5.8820225 5.5130869 3.0651295 2.1919483 2.4237843 2.9371124 2.9594293 2.6869343 2.4369383 6.4487013 6.7942317 3.0330184 5.3287249 2.9520724 4.7560601 0.0000000 3.2255633 2.9532801 3.3503604 4.1308037 4.5597079 3.1489575 4.2382989 2.8888713 
BGC0001519_STRAU_RS01650_Streptomyces_aurantiacus_JA_4570_NRP_Polyketide        8.9999984 3.8329728 6.1300136 2.3541810 4.1081697 3.2049006 6.3546622 3.0921585 3.1331115 3.7410384 6.4352813 1.7173612 6.2476300 5.8430368 7.3658286 8.9999990 6.2666995 6.7839261 2.9599592 3.1095617 2.6634428 3.0067199 2.9978125 3.0702672 3.3016729 8.1846877 6.3673159 2.9972742 6.1748390 3.3632144 5.6949188 3.2255633 0.0000000 3.1104711 3.4210676 4.5404990 4.6816680 2.9034010 4.3552060 4.2678575 
BGC0001807_ATL73058_1_Streptomyces_pactum_NRP_Polyketide                        8.9690736 3.4292958 5.9456683 2.3972734 3.8346093 2.7336094 6.8576382 3.0472129 3.3967561 3.5095431 5.2060775 3.0670761 6.5230461 6.3407904 5.2341042 8.2394709 6.8888876 6.8151082 2.8794847 2.4393499 2.5788684 3.4027835 3.3308808 2.0437025 2.5358962 7.1119597 6.1587440 0.2046829 6.9128287 2.7165581 2.7229393 2.9532801 3.1104711 0.0000000 2.7852813 3.3778307 2.8898853 2.9329865 3.8556802 3.6812315 
BGC0001836_DAC80073_1_Gynuella_sunshinyii_YC6258_Polyketide                     7.1054437 2.8297275 6.9290957 2.1373715 4.2724248 2.8339261 5.2068897 2.7899629 2.2401777 3.4681047 5.0828152 3.0257727 7.6953614 5.5414655 5.5753204 7.5774650 6.4008690 5.0473534 2.2189951 2.0709708 2.2667727 1.2555207 1.2955444 2.3226478 2.3400340 7.2399953 5.8380998 3.1450525 5.6720882 1.2474247 3.8665319 3.3503604 3.4210676 2.7852813 0.0000000 3.7449089 3.8237769 2.2485366 3.4045409 4.3338046 
BGC0001851_IO28_RS0104885_Streptomyces_erythrochromogenes_Saccharide            7.0904039 2.6112750 6.3618865 3.8770261 2.1955332 3.5673804 6.3028295 4.2699632 4.1370581 2.5178825 6.2519457 3.4369654 4.9714970 4.0926217 7.1661221 7.0446941 4.2384698 5.9575199 4.1841762 2.9574529 2.7301281 3.7703517 3.9314516 3.2556583 2.8579899 6.1812247 5.3759509 3.8241634 5.9304887 3.6380972 3.6311192 4.1308037 4.5404990 3.3778307 3.7449089 0.0000000 0.3250767 3.8639543 2.4659744 2.8068990 
BGC0001852_IH80_RS0102840_Streptomyces_sp_NRRL_S_378_Saccharide                 6.7485292 2.7469616 5.5071941 3.6475412 2.1327799 4.0106365 7.4457105 3.6957927 3.9456673 2.4061126 6.8507710 3.3011361 6.0218568 4.4355717 8.2844019 7.5259438 4.9685299 6.3103384 3.8826917 2.8374640 2.8093937 3.7243965 3.8365978 3.5125717 2.7977660 7.7959602 5.2982388 3.5786628 6.8732168 3.8679282 3.8269535 4.5597079 4.6816680 2.8898853 3.8237769 0.3250767 0.0000000 4.2646228 2.4797831 2.9318596 
BGC0001902_AJY78093_1_Myxococcus_virescens_Polyketide                           7.8409682 3.0529046 6.4800633 1.5539864 3.1589204 2.8246449 5.6036491 2.8831751 2.7150447 3.4742791 5.6360447 2.9331207 6.1309816 5.6210459 5.2360563 6.5497219 5.3037603 5.4730807 2.2801263 1.9311175 2.2195252 2.3605299 2.4863769 1.9488553 2.1317444 7.3493588 5.1373136 3.0998638 4.8217792 2.6065489 3.9486468 3.1489575 2.9034010 2.9329865 2.2485366 3.8639543 4.2646228 0.0000000 3.3420648 3.7401465 
BGC0001963_AZF85925_1_Catenulispora_sp_Polyketide                               7.4815458 1.9836175 5.9149455 3.7588388 2.3124820 3.6608025 5.6604732 3.7042975 3.4017618 3.0915500 5.9046650 3.1983028 5.3148881 4.9148392 5.5802295 5.9773110 4.9951139 5.5842955 3.6937411 2.7355643 2.6471541 3.0495052 3.2533453 3.1477327 2.3968328 5.0584620 4.2813767 4.0583157 4.8033548 3.6681136 4.7956268 4.2382989 4.3552060 3.8556802 3.4045409 2.4659744 2.4797831 3.3420648 0.0000000 2.8413916 
BGC0002011_AMYAL_RS47350_Amycolatopsis_alba_DSM_44262_Polyketide                5.9754869 2.8309838 4.5650709 4.1612471 2.3613784 2.8892620 4.2833378 3.5126682 3.4672063 3.3486258 4.8303528 3.4462135 5.3695277 4.1627144 6.4357033 5.5288747 4.3078269 4.5586955 3.9108259 3.4826906 3.4863023 4.0449366 4.0185876 3.6183171 4.1963757 5.9998890 4.1965873 3.7571039 4.4323685 4.4321670 3.5204305 2.8888713 4.2678575 3.6812315 4.3338046 2.8068990 2.9318596 3.7401465 2.8413916 0.0000000 
