40
MALASAMN05422137_METAGscaffold4_gene141_Candidatus_Eudoremicrobiaceae_proteusin 0.0000000 6.5362963 7.1792679 6.5871545 8.4083324 6.4612742 6.0082946 7.0218572 5.7574201 6.3345547 5.3840299 8.9999987 7.1058229 6.6458363 8.9999989 6.6858007 7.0355465 5.4953705 5.7593614 5.9657304 5.4841798 5.9983890 6.2783159 6.3636613 6.0376442 7.0176749 4.3029462 8.0848728 5.0053450 5.6755985 5.8196726 6.1474060 8.8913879 7.5619190 6.0203196 6.0249860 5.7316264 6.6372536 6.4041505 5.0627118 
BGC0000021_AEP40919_1_Nocardiopsis_sp_FU_40_Polyketide                          6.5362963 0.0000000 3.9235692 2.7829135 2.4820822 3.3620997 4.0944610 2.7802887 2.8208152 2.4292312 4.1179141 3.4510937 5.5012676 3.7120079 4.8937983 6.5633901 4.5393622 4.3515443 2.8186753 2.3918540 2.3374804 2.8689280 2.9636152 2.8422992 2.6569796 5.0111237 3.8453381 3.1091208 3.9201305 2.7601917 2.9660477 3.0661260 3.2784332 2.9443435 2.4360494 2.2428435 2.3587641 2.6231122 1.7072015 2.4326719 
BGC0000026_AAK83186_1_Streptomyces_viridochromogenes_Tue57_Saccharide           7.1792679 3.9235692 0.0000000 4.4627335 5.8156535 4.6447232 5.3463087 4.9926278 5.5473167 4.2539847 4.7000669 5.1966784 4.6426509 4.0492917 6.2544809 3.6375243 3.3793488 5.9399217 4.6941830 4.6299684 4.2705721 5.3515548 5.2915950 4.6548514 4.5918237 4.2496087 4.1893167 4.6667087 5.9510352 6.2599784 3.9651638 6.2582639 5.2289252 5.0606948 5.8652006 5.3772489 4.6822852 5.5110861 5.0198712 3.9091726 
BGC0000147_AAK19884_1_Sorangium_cellulosum_Polyketide                           6.5871545 2.7829135 4.4627335 0.0000000 3.3465656 2.1615831 4.7286426 2.0897371 2.1962748 2.9182858 4.4883038 2.2110299 5.1289028 3.8362908 4.8110450 5.9719479 5.1540491 4.1858766 1.9023841 1.3584478 1.8593915 1.9093125 1.9431139 0.8554159 1.9915241 5.0138614 4.9613884 2.2597873 4.7678069 1.9035851 3.3835551 2.2750119 2.0223911 2.0668742 1.8409587 3.3177373 3.1249906 1.3370587 3.2266154 3.5657065 
BGC0000222_BAJ52700_1_Streptomyces_sp_TA_0256_Polyketide                        8.4083324 2.4820822 5.8156535 3.3465656 0.0000000 2.6464090 5.7173668 2.8509652 3.0009369 1.9874950 5.2827323 2.8289225 4.2832009 4.2135274 4.9945160 6.1233558 5.0105163 5.5547338 3.1500685 2.1376358 2.7076392 2.8694531 2.8791484 3.1314690 2.5080028 6.0534878 4.0026683 3.2189235 5.3589827 2.8411830 4.2445954 2.8394242 3.5182628 3.2876641 3.6600394 1.8890048 1.8349306 2.7141491 1.9898425 2.0333933 
BGC0000287_PA2302_Pseudomonas_aeruginosa_PAO1_NRP                               6.4612742 3.3620997 4.6447232 2.1615831 2.6464090 0.0000000 4.3618110 2.1676372 2.4055783 3.0096989 4.4484203 2.4769359 5.4951875 4.5085456 3.8719991 5.1326645 5.2739409 4.4018297 2.8325503 2.2173378 2.1218333 2.7166950 2.7485520 2.1480225 2.2272460 5.5694272 5.4583105 2.4850658 4.8998017 2.3528742 3.3803765 2.5384382 2.7539301 2.3536327 2.4375036 3.0594652 3.4260811 2.4291261 3.1396882 2.4822017 
BGC0000288_BAJ19055_1_Streptomyces_sp_SANK_62799_NRP                            6.0082946 4.0944610 5.3463087 4.7286426 5.7173668 4.3618110 0.0000000 4.9991622 3.8607564 5.0142988 3.0226726 5.1005107 4.2095262 4.3493846 3.4761649 5.5657198 5.8244328 0.2343686 4.7005228 4.5851351 4.4762681 4.7313250 4.5723109 4.0021114 4.2429796 5.1333330 5.9250540 5.0865427 0.4282070 5.1933004 5.0937265 4.4779351 5.3878463 5.7469070 4.4321016 5.3187362 6.2476660 4.7676109 4.7995458 3.6510156 
BGC0000291_AAZ23082_1_Streptomyces_fradiae_NRP                                  7.0218572 2.7802887 4.9926278 2.0897371 2.8509652 2.1676372 4.9991622 0.0000000 2.0557144 3.1441549 4.9089340 1.7517387 5.8746118 4.7051396 5.1188782 5.5595861 5.4169628 5.1662896 2.4666812 2.2294247 2.4744743 2.5257592 2.5568828 1.8997094 2.4690811 5.2198676 5.2366716 2.4576575 4.6483327 2.6106047 3.2135491 2.2002849 2.6589907 2.6170408 2.4021455 3.6436256 3.1632623 2.4784059 3.1773789 3.0124976 
BGC0000331_ABI26077_1_Planktothrix_agardhii_NIVA_CYA_116_NRP                    5.7574201 2.8208152 5.5473167 2.1962748 3.0009369 2.4055783 3.8607564 2.0557144 0.0000000 2.7922296 4.6022076 2.2761145 8.7955055 4.2482507 3.7700924 6.4152773 5.0451695 3.7359500 2.0196757 1.5676873 2.2747293 1.8748866 1.8891806 1.9839837 2.3494000 6.1409549 5.6138043 3.2494394 3.7730785 2.0473422 3.3251306 2.1390701 2.6903706 2.9160597 1.9329213 3.5419700 3.3788547 2.3336301 2.9213114 2.9774868 
BGC0000333_Sare_4554_Salinispora_arenicola_CNS_205_NRP                          6.3345547 2.4292312 4.2539847 2.9182858 1.9874950 3.0096989 5.0142988 3.1441549 2.7922296 0.0000000 6.2396241 2.4759397 4.5125463 4.7998232 5.6089495 6.2928758 3.6758698 5.1212935 3.1078662 2.4161020 2.1711617 2.9625486 2.9489649 2.4935299 2.2579684 5.7625055 3.8496960 3.1161566 4.8345417 2.8497776 4.2090109 3.1196775 3.2106578 3.0151361 2.9764132 2.1708624 2.0774243 2.9821836 2.6572719 2.8766918 
BGC0000362_AAD44221_1_Mycobacterium_avium_NRP                                   5.3840299 4.1179141 4.7000669 4.4883038 5.2827323 4.4484203 3.0226726 4.9089340 4.6022076 6.2396241 0.0000000 5.9603209 5.2206589 4.3084318 2.0696490 5.7725644 5.1267048 3.2916411 4.5294129 4.2841267 4.0220574 4.7958314 4.9277305 4.8068901 3.7298299 5.0118300 3.8534093 4.2523990 3.2382639 5.2611417 4.2506312 4.7012103 5.4441554 4.4397779 4.3390971 5.2454274 5.7154646 4.8024318 5.0183729 4.1216561 
BGC0000378_ABV56588_1_Kutzneria_sp_744_NRP                                      8.9999987 3.4510937 5.1966784 2.2110299 2.8289225 2.4769359 5.1005107 1.7517387 2.2761145 2.4759397 5.9603209 0.0000000 6.3817548 4.4322517 5.8143121 7.4236410 4.8256024 4.5301046 2.5413483 2.2440584 2.4271981 2.4563723 2.4657195 2.2290967 2.6702157 5.1589065 5.4844943 2.6672663 4.4840537 2.5517602 3.6409944 2.1652340 1.4823035 2.6360013 2.6012243 2.9492890 2.8339657 2.5201018 2.7419729 2.9541858 
BGC0000495_ACR33061_1_Actinoplanes_garbadinensis_RiPP                           7.1058229 5.5012676 4.6426509 5.1289028 4.2832009 5.4951875 4.2095262 5.8746118 8.7955055 4.5125463 5.2206589 6.3817548 0.0000000 4.1982688 5.4099643 4.5720376 3.5961134 4.1096448 6.5209976 5.5229942 4.9006525 6.0267556 5.8457231 5.7122407 4.8444048 4.1916117 4.7792904 5.2973095 3.7567329 4.9528134 7.4130255 7.0186787 5.2774771 5.5093657 6.4781981 4.2257875 5.0804298 5.1940215 4.5066214 4.5525288 
BGC0000698_ABC42543_1_Streptomyces_hygroscopicus_Saccharide                     6.6458363 3.7120079 4.0492917 3.8362908 4.2135274 4.5085456 4.3493846 4.7051396 4.2482507 4.7998232 4.3084318 4.4322517 4.1982688 0.0000000 4.8013289 3.9499854 3.5055834 4.2008363 4.8990666 4.3357169 4.7543789 4.6633628 4.5767143 4.2005203 5.0190612 4.1946245 4.0697705 5.1587535 4.7471571 5.1485864 4.7318103 4.1073307 4.9519658 5.3652615 4.7208037 3.4929091 3.7829704 4.7863957 4.1839805 3.5534396 
BGC0000769_AAN05766_1_NA_NA                                                     8.9999989 4.8937983 6.2544809 4.8110450 4.9945160 3.8719991 3.4761649 5.1188782 3.7700924 5.6089495 2.0696490 5.8143121 5.4099643 4.8013289 0.0000000 7.8993957 4.1970977 3.3491714 4.5436306 4.3633547 3.8590156 5.7794602 5.7413717 4.6131929 4.3405068 5.6729926 4.8946566 5.3602834 3.3612100 5.0777914 4.7651233 5.0142498 6.1982527 4.4398107 4.7052104 6.1197342 7.0320371 4.4577007 4.7442128 5.4569316 
BGC0000873_CAD62202_1_Saccharothrix_mutabilis_Other                             6.6858007 6.5633901 3.6375243 5.9719479 6.1233558 5.1326645 5.5657198 5.5595861 6.4152773 6.2928758 5.7725644 7.4236410 4.5720376 3.9499854 7.8993957 0.0000000 3.3765029 5.4601076 6.9767066 5.6730918 4.7187761 7.0721333 6.8744601 6.6446471 4.5565920 1.2765560 3.9486150 6.2232908 4.9638400 5.9344868 5.4202632 6.9893162 8.0235612 6.9132501 6.4159664 5.9486855 6.3175963 5.5431959 5.0550240 4.7031558 
BGC0000873_CAD62205_1_Saccharothrix_mutabilis_Other                             7.0355465 4.5393622 3.3793488 5.1540491 5.0105163 5.2739409 5.8244328 5.4169628 5.0451695 3.6758698 5.1267048 4.8256024 3.5961134 3.5055834 4.1970977 3.3765029 0.0000000 5.6762164 3.8134637 4.1797135 3.7925415 6.7018230 6.1917268 4.8081588 4.8512258 3.4839084 1.1742479 5.2800850 5.9001136 5.7534807 4.9507750 4.9886094 5.2814443 5.7482331 5.4354499 3.6172842 4.2198238 4.5155189 4.2644663 3.6818144 
BGC0000949_BAI53084_1_Streptomyces_griseus_NRP                                  5.4953705 4.3515443 5.9399217 4.1858766 5.5547338 4.4018297 0.2343686 5.1662896 3.7359500 5.1212935 3.2916411 4.5301046 4.1096448 4.2008363 3.3491714 5.4601076 5.6762164 0.0000000 4.8716719 4.3658902 4.5000972 4.5584732 4.3958828 3.8278890 4.3735967 4.8285051 5.7284934 4.6800934 0.5299879 4.9252029 5.4446065 4.6903363 5.7075802 5.7164265 4.3040740 5.0468639 5.3312682 4.6532111 4.7424387 3.8899945 
BGC0000967_BAP05589_1_uncultured_Candidatus_Entotheonella_sp_NRP_Polyketide     5.7593614 2.8186753 4.6941830 1.9023841 3.1500685 2.8325503 4.7005228 2.4666812 2.0196757 3.1078662 4.5294129 2.5413483 6.5209976 4.8990666 4.5436306 6.9767066 3.8134637 4.8716719 0.0000000 1.7253756 1.7325575 2.0830840 1.9553571 1.8346045 1.7230335 5.7330927 4.4258667 2.8224305 4.6812197 2.2055319 3.4280737 2.6353099 2.5452425 2.4759719 1.9142476 3.5771209 3.3256467 1.9607406 3.1688636 3.3524648 
BGC0000970_CAQ43079_1_Chondromyces_crocatus_NRP_Polyketide                      5.9657304 2.3918540 4.6299684 1.3584478 2.1376358 2.2173378 4.5851351 2.2294247 1.5676873 2.4161020 4.2841267 2.2440584 5.5229942 4.3357169 4.3633547 5.6730918 4.1797135 4.3658902 1.7253756 0.0000000 1.6793852 1.7622253 1.7872474 1.2974171 1.9082365 5.4594714 4.8020368 2.3589587 4.2093037 1.7990204 3.2710818 1.8903298 2.6686292 2.1020905 1.7798807 2.5411429 2.4425747 1.6641522 2.3504953 2.9913101 
BGC0000994_AAF86398_1_Streptomyces_hygroscopicus_NRP_Polyketide                 5.4841798 2.3374804 4.2705721 1.8593915 2.7076392 2.1218333 4.4762681 2.4744743 2.2747293 2.1711617 4.0220574 2.4271981 4.9006525 4.7543789 3.8590156 4.7187761 3.7925415 4.5000972 1.7325575 1.6793852 0.0000000 1.9355286 1.9297254 1.6591242 0.5449092 4.2418475 4.1241776 2.4164804 4.6072816 1.9052485 3.6147309 2.0921615 2.2858281 2.2246518 1.9542482 2.3504151 2.4178555 1.9170046 2.2769471 2.9941288 
BGC0001031_AFX60309_1_Serratia_marcescens_NRP_Polyketide                        5.9983890 2.8689280 5.3515548 1.9093125 2.8694531 2.7166950 4.7313250 2.5257592 1.8748866 2.9625486 4.7958314 2.4563723 6.0267556 4.6633628 5.7794602 7.0721333 6.7018230 4.5584732 2.0830840 1.7622253 1.9355286 0.0000000 0.1141661 1.8991159 2.1804995 6.2845501 6.2982760 3.1190847 5.1535323 1.2258200 4.0988836 2.5251603 2.5826503 2.9188710 1.0974435 3.2276168 3.1910500 2.0358237 2.6249803 3.4629632 
BGC0001032_AFX60332_1_Serratia_plymuthica_NRP_Polyketide                        6.2783159 2.9636152 5.2915950 1.9431139 2.8791484 2.7485520 4.5723109 2.5568828 1.8891806 2.9489649 4.9277305 2.4657195 5.8457231 4.5767143 5.7413717 6.8744601 6.1917268 4.3958828 1.9553571 1.7872474 1.9297254 0.1141661 0.0000000 1.8451142 2.0759127 6.2493181 6.8007819 3.0663979 5.0203007 1.2150734 4.2426407 2.5440821 2.5747579 2.8574637 1.1301194 3.3646422 3.2857522 2.1406098 2.7990821 3.4405696 
BGC0001034_CCE88382_1_Sorangium_cellulosum_NRP_Polyketide                       6.3636613 2.8422992 4.6548514 0.8554159 3.1314690 2.1480225 4.0021114 1.8997094 1.9839837 2.4935299 4.8068901 2.2290967 5.7122407 4.2005203 4.6131929 6.6446471 4.8081588 3.8278890 1.8346045 1.2974171 1.6591242 1.8991159 1.8451142 0.0000000 1.5048797 5.6849666 5.6938682 2.0860925 4.0563016 1.9304171 3.2258798 2.3125498 2.6391405 1.7615435 2.0022967 2.7951389 3.0138170 1.6824835 2.7049444 3.1038904 
BGC0001040_CAA60470_1_Streptomyces_rapamycinicus_NRRL_5491_NRP_Polyketide       6.0376442 2.6569796 4.5918237 1.9915241 2.5080028 2.2272460 4.2429796 2.4690811 2.3494000 2.2579684 3.7298299 2.6702157 4.8444048 5.0190612 4.3405068 4.5565920 4.8512258 4.3735967 1.7230335 1.9082365 0.5449092 2.1804995 2.0759127 1.5048797 0.0000000 4.5878799 4.5306590 2.2362745 4.4658638 1.8997546 4.1891478 2.1046232 2.8299916 2.1864516 2.0184820 2.4555186 2.4057869 1.8395358 2.0580338 3.5949812 
BGC0001138_AET51865_1_Marinactinospora_thermotolerans_Other                     7.0176749 5.0111237 4.2496087 5.0138614 6.0534878 5.5694272 5.1333330 5.2198676 6.1409549 5.7625055 5.0118300 5.1589065 4.1916117 4.1946245 5.6729926 1.2765560 3.4839084 4.8285051 5.7330927 5.4594714 4.2418475 6.2845501 6.2493181 5.6849666 4.5878799 0.0000000 4.4388655 5.2917810 4.8362146 6.0374441 4.8813368 5.4459898 6.8799225 5.9684967 6.1181113 5.2251796 6.5024869 6.1822575 4.3140286 5.1005203 
BGC0001138_AET51868_1_Marinactinospora_thermotolerans_Other                     4.3029462 3.8453381 4.1893167 4.9613884 4.0026683 5.4583105 5.9250540 5.2366716 5.6138043 3.8496960 3.8534093 5.4844943 4.7792904 4.0697705 4.8946566 3.9486150 1.1742479 5.7284934 4.4258667 4.8020368 4.1241776 6.2982760 6.8007819 5.6938682 4.5306590 4.4388655 0.0000000 4.3247561 6.0573087 5.0103901 4.8230128 5.7058225 5.3715997 5.1728270 4.9534693 4.5553654 4.4843467 4.3659412 3.6602885 3.5881862 
BGC0001183_AGC09508_1_Streptomyces_sp_FXJ7_023_Polyketide                       8.0848728 3.1091208 4.6667087 2.2597873 3.2189235 2.4850658 5.0865427 2.4576575 3.2494394 3.1161566 4.2523990 2.6672663 5.2973095 5.1587535 5.3602834 6.2232908 5.2800850 4.6800934 2.8224305 2.3589587 2.4164804 3.1190847 3.0663979 2.0860925 2.2362745 5.2917810 4.3247561 0.0000000 5.0187237 2.7567184 2.6283996 2.6054971 2.5762149 0.1911118 2.7002953 3.2742056 3.0669596 2.6586127 3.4712600 3.2211123 
BGC0001191_AKC92641_1_Amycolatopsis_sp_SANK_60206_Other                         5.0053450 3.9201305 5.9510352 4.7678069 5.3589827 4.8998017 0.4282070 4.6483327 3.7730785 4.8345417 3.2382639 4.4840537 3.7567329 4.7471571 3.3612100 4.9638400 5.9001136 0.5299879 4.6812197 4.2093037 4.6072816 5.1535323 5.0203007 4.0563016 4.4658638 4.8362146 6.0573087 5.0187237 0.0000000 5.2998514 4.1211914 4.5454684 5.2400756 5.7841268 4.8216324 5.0181185 5.7809858 4.1095346 4.0940170 3.7868488 
BGC0001350_AMH40422_1_Leptolyngbya_sp_ISBN3_Nov_94_8_Polyketide                 5.6755985 2.7601917 6.2599784 1.9035851 2.8411830 2.3528742 5.1933004 2.6106047 2.0473422 2.8497776 5.2611417 2.5517602 4.9528134 5.1485864 5.0777914 5.9344868 5.7534807 4.9252029 2.2055319 1.7990204 1.9052485 1.2258200 1.2150734 1.9304171 1.8997546 6.0374441 5.0103901 2.7567184 5.2998514 0.0000000 3.9884515 2.5376095 2.8863057 2.3381122 1.0828028 3.1190268 3.3122630 2.2446147 3.1500018 3.7908137 
BGC0001373_BAV32148_1_Sordaria_araneosa_Polyketide                              5.8196726 2.9660477 3.9651638 3.3835551 4.2445954 3.3803765 5.0937265 3.2135491 3.3251306 4.2090109 4.2506312 3.6409944 7.4130255 4.7318103 4.7651233 5.4202632 4.9507750 5.4446065 3.4280737 3.2710818 3.6147309 4.0988836 4.2426407 3.2258798 4.1891478 4.8813368 4.8230128 2.6283996 4.1211914 3.9884515 0.0000000 4.0535956 4.8312414 2.3498655 3.3183433 3.1114728 3.2760820 3.3857405 4.1025662 3.0193550 
BGC0001451_BCRE_RS14165_Candidatus_Burkholderia_crenata_NRP                     6.1474060 3.0661260 6.2582639 2.2750119 2.8394242 2.5384382 4.4779351 2.2002849 2.1390701 3.1196775 4.7012103 2.1652340 7.0186787 4.1073307 5.0142498 6.9893162 4.9886094 4.6903363 2.6353099 1.8903298 2.0921615 2.5251603 2.5440821 2.3125498 2.1046232 5.4459898 5.7058225 2.6054971 4.5454684 2.5376095 4.0535956 0.0000000 2.7664932 2.5360309 2.8752339 3.5252843 3.8794399 2.7048265 3.6265427 2.4842467 
BGC0001519_STRAU_RS01650_Streptomyces_aurantiacus_JA_4570_NRP_Polyketide        8.8913879 3.2784332 5.2289252 2.0223911 3.5182628 2.7539301 5.3878463 2.6589907 2.6903706 3.2106578 5.4441554 1.4823035 5.2774771 4.9519658 6.1982527 8.0235612 5.2814443 5.7075802 2.5452425 2.6686292 2.2858281 2.5826503 2.5747579 2.6391405 2.8299916 6.8799225 5.3715997 2.5762149 5.2400756 2.8863057 4.8312414 2.7664932 0.0000000 2.6719811 2.9332715 3.8777248 3.9968489 2.4913741 3.7221639 3.6575300 
BGC0001807_ATL73058_1_Streptomyces_pactum_NRP_Polyketide                        7.5619190 2.9443435 5.0606948 2.0668742 3.2876641 2.3536327 5.7469070 2.6170408 2.9160597 3.0151361 4.4397779 2.6360013 5.5093657 5.3652615 4.4398107 6.9132501 5.7482331 5.7164265 2.4759719 2.1020905 2.2246518 2.9188710 2.8574637 1.7615435 2.1864516 5.9684967 5.1728270 0.1911118 5.7841268 2.3381122 2.3498655 2.5360309 2.6719811 0.0000000 2.3974539 2.8975661 2.4857837 2.5193449 3.3022544 3.1563692 
BGC0001836_DAC80073_1_Gynuella_sunshinyii_YC6258_Polyketide                     6.0203196 2.4360494 5.8652006 1.8409587 3.6600394 2.4375036 4.4321016 2.4021455 1.9329213 2.9764132 4.3390971 2.6012243 6.4781981 4.7208037 4.7052104 6.4159664 5.4354499 4.3040740 1.9142476 1.7798807 1.9542482 1.0974435 1.1301194 2.0022967 2.0184820 6.1181113 4.9534693 2.7002953 4.8216324 1.0828028 3.3183433 2.8752339 2.9332715 2.3974539 0.0000000 3.2093354 3.2777878 1.9395075 2.9274525 3.7172018 
BGC0001851_IO28_RS0104885_Streptomyces_erythrochromogenes_Saccharide            6.0249860 2.2428435 5.3772489 3.3177373 1.8890048 3.0594652 5.3187362 3.6436256 3.5419700 2.1708624 5.2454274 2.9492890 4.2257875 3.4929091 6.1197342 5.9486855 3.6172842 5.0468639 3.5771209 2.5411429 2.3504151 3.2276168 3.3646422 2.7951389 2.4555186 5.2251796 4.5553654 3.2742056 5.0181185 3.1190268 3.1114728 3.5252843 3.8777248 2.8975661 3.2093354 0.0000000 0.2989538 3.3034112 2.1197566 2.4140377 
BGC0001852_IH80_RS0102840_Streptomyces_sp_NRRL_S_378_Saccharide                 5.7316264 2.3587641 4.6822852 3.1249906 1.8349306 3.4260811 6.2476660 3.1632623 3.3788547 2.0774243 5.7154646 2.8339657 5.0804298 3.7829704 7.0320371 6.3175963 4.2198238 5.3312682 3.3256467 2.4425747 2.4178555 3.1910500 3.2857522 3.0138170 2.4057869 6.5024869 4.4843467 3.0669596 5.7809858 3.3122630 3.2760820 3.8794399 3.9968489 2.4857837 3.2777878 0.2989538 0.0000000 3.6421397 2.1322651 2.5205458 
BGC0001902_AJY78093_1_Myxococcus_virescens_Polyketide                           6.6372536 2.6231122 5.5110861 1.3370587 2.7141491 2.4291261 4.7676109 2.4784059 2.3336301 2.9821836 4.8024318 2.5201018 5.1940215 4.7863957 4.4577007 5.5431959 4.5155189 4.6532111 1.9607406 1.6641522 1.9170046 2.0358237 2.1406098 1.6824835 1.8395358 6.1822575 4.3659412 2.6586127 4.1095346 2.2446147 3.3857405 2.7048265 2.4913741 2.5193449 1.9395075 3.3034112 3.6421397 0.0000000 2.8700991 3.2095440 
BGC0001963_AZF85925_1_Catenulispora_sp_Polyketide                               6.4041505 1.7072015 5.0198712 3.2266154 1.9898425 3.1396882 4.7995458 3.1773789 2.9213114 2.6572719 5.0183729 2.7419729 4.5066214 4.1839805 4.7442128 5.0550240 4.2644663 4.7424387 3.1688636 2.3504953 2.2769471 2.6249803 2.7990821 2.7049444 2.0580338 4.3140286 3.6602885 3.4712600 4.0940170 3.1500018 4.1025662 3.6265427 3.7221639 3.3022544 2.9274525 2.1197566 2.1322651 2.8700991 0.0000000 2.4442350 
BGC0002011_AMYAL_RS47350_Amycolatopsis_alba_DSM_44262_Polyketide                5.0627118 2.4326719 3.9091726 3.5657065 2.0333933 2.4822017 3.6510156 3.0124976 2.9774868 2.8766918 4.1216561 2.9541858 4.5525288 3.5534396 5.4569316 4.7031558 3.6818144 3.8899945 3.3524648 2.9913101 2.9941288 3.4629632 3.4405696 3.1038904 3.5949812 5.1005203 3.5881862 3.2211123 3.7868488 3.7908137 3.0193550 2.4842467 3.6575300 3.1563692 3.7172018 2.4140377 2.5205458 3.2095440 2.4442350 0.0000000 
